[.##.] (3) (1,3) (2) (2,3) (0,2) (0,1) {3,5,4,7}
[...#.] (0,2,3,4) (2,3) (0,4) (0,1,2) (1,2,3,4) {7,5,12,7,2}
[.###.#] (0,1,2,3,4) (0,3,4) (0,1,2,4,5) (1,2) {10,11,11,5,10,5}
[.###] (0,2,3) (1,2,3) {7,14,21,21}
[##.##] (0,1,3,4) (1,4) (2,4) {8,19,9,8,28}
[.#.#] (0,1,2) (1,3) {17,33,17,16}
[##..] (0,1,2) (0,1) (0,2,3) {13,10,11,3}
[#..#] (0,2,3) (1) (0,1,3) {10,24,5,10}
[..#.] (2) (3) (1,2,3) (0,1) {7,24,29,27}
[#...] (2) (0,1,2) (1) (3) {3,21,14,8}
[.#.#] (0,2,3) (1,3) (2) (1,2) (0,1) {19,31,29,12}
[#....] (0,2,3,4) (1,3,4) (2,3,4) {16,1,29,30,30}
[#.####] (0,1,4,5) (3,4,5) (1,2,4,5) (2) {1,4,13,8,12,12}